107
106
104
105
104
109
107
110
110
106
112
111
109
108
109
111
105
110
109
106
112
112
106
111
105
111
109
106
106
106
106
110
108
108
112
104
106
112
109
104
111
111
104
111
111
109
109
110
104
110
112
110
111
111
111
104
106
105
108
109
108
105
109
108
112
108
109
106
110
112
105
106
111
104
112
108
112
107
109
110
104
107
111
109
111
105
112
109
108
106
104
109
108
109
109
112
112
104
108
107
107
111
105
108
108
105
111
105
105
110
108
105
108
108
106
111
110
107
111
107
106
104
104
111
111
110
108
104
109
105
108
106
104
112
109
109
105
104
106
109
104
107
105
109
104
110
109
108
108
105
112
109
110
106
108
105
108
107
109
109
111
111
111
106
108
104
110
112
109
106
104
108
105
112
109
109
110
108
111
105
107
107
105
112
106
111
109
108
104
106
104
108
106
106
104
107
105
108
108
105
111
110
109
106
104
109
104
111
106
110
104
108
112
110
108
109
112
107
109
105
104
104
109
107
109
110
111
108
111
109
107
104
108
112
106
109
105
112
105
104
110
105
109
106
105
104
111
104
110
111
109
105
109
107
105
107